1|2|23|21|3|15|985|987|1|-0.081000|1.072121|
1|5|8|14|5|7|1821|1823|1|-0.158493|1.214200|
1|1|22|15|13|7|2624|2631|1|-0.463885|1.817889|
1|2|21|21|17|7|3491|3508|1|-0.866908|3.225576|
1|3|10|23|5|22|7437|7457|1|-0.993885|5.753524|
1|2|5|16|5|2|468|473|1|-0.999934|5.141358|
1|2|22|19|21|17|13016|13889|1|-0.999997|6.343728|
1|4|2|10|2|2|170|172|1|-1.000000|8.725624|
1|4|6|8|5|8|1681|1695|1|-1.000000|5.942307|
1|2|10|22|9|15|5187|6027|1|-1.000000|32.116742|
1|3|5|10|2|9|1278|1479|1|-1.000000|nan|
1|5|15|23|1|15|11655|11763|1|-1.000000|nan|
1|2|18|23|9|1|505|521|1|-1.000000|33.195841|
1|1|22|21|18|17|11682|13782|1|-1.000000|32.667774|
1|1|12|20|11|19|9330|11473|1|-1.000000|nan|
1|1|21|17|16|5|4391|4453|1|-1.000000|nan|
1|1|5|18|5|11|2444|2517|1|-1.000000|nan|
1|1|8|6|6|3|1506|1538|1|-1.000000|nan|
1|3|23|17|14|7|8534|8543|1|-1.000000|nan|
1|1|18|18|18|17|14705|16389|1|-1.000000|nan|
